0165896165317956
5458055374698146
2238779091169549
6568790347693959
8879378270313495
3493266585250835
5266517981470528
3168109957159053
4898270469092358
2373330886222546
7582282327430366
8657708309014459
0413719092648907
7177534062879101
3911231171701955
7573528130091441
0393369781214370
9132281062754587
5714141597621504
3673072735597217
3699845615711786
4263284115254953
8113284717776499
5219784100568011
5142342203348955
0969249243016384
8263473807384537
5415320663762330
9167712549671531
8098631739690630
3112351488642745
2329616431092130
4651956676219818
5730824771851918
0339549873763135
8756649706124962
3096908404317428
8460590288958185
7555125918098797
6222064189894197
2084950144570227
8385149147186803
0371677982480455
8536548302500799
8303342538663051
3432603657347175
6890736577348104
4891028649520125
4561185192649153
0446672105586918
7670114450810668
8030468484890697
4864331495699164
3404425891739700
7669946847816663
2027507407053000
7025348910260885
4014240031302327
0786910679693690
4308563278402473
5736143128626844
7115220686132615
1222981608355488
0517903173420628
6965131563976911
8913747618250274
9778980231337717
8902211812286390
4669241920404867
3761360094782769
5103310194297577
2724616033717999
7939504950973039
0304386829612963
6061688176572038
2899853878720859
5035648210565998
1624470450026003
6428819445547353
0228728709073050
4079689722531672
1996175838552368
2299431271590598
3168771550890062
6673273682816395
7800939869552713
6657675861235126
9638917902863360
2489360482773142
8707317154559677
6944092369029973
0593378696446743
9802408604626504
0729495195778175
2994707153442186
9930720885609833
1112121190712960
2234094141783365
5806141552729337
7729742410453041
5733837323508144
1028915748980954
4911900878384477
6932761398673000
8812426002430691
7673964591582811
7692449833211087
2044551829303660
7683949127842338
5837373542741009
8822554833562070
4186555947303235
4621770787214222
1323114093002966
5594459531965996
4471829169298859
1187072807032954
9106641700554750
6441654044511050
5605155653628836
9606507679613575
4278872550139588
3667445774954805
1083002636269547
0395959398739731
2979377151585676
8471506535640440
3550476248393876
1009007373940269
0214233510257720
6519922609825325
4919022918709674
2266369707825650
8026291277092643
6981414773538482
2235826233453271
3054522975273668
8398357382018870
9881267214305301
7946193476738309
4890516395721831
0709100544196444
5915808128860272
3208811250054672
9849479665497212
7032215448844538
8871739962159315
6457872447853886
1182758053898098
4400309449791000
1301062676314150
5872648036486685
4059393843549862
2285157588481240
5358573180916373
5634521373234268
0182500459005500
9341788780258237
7398106130770101
7014720676564171
4314592815144744
3106605351960504
3396333225250833
2967931831209754
1649134832334719
9962894643108025
0450259812401074
5874442974952688
8201048869833981
3915432743060333
0919479930803972
8744259736438820
9900775198232086
7311315810939757
6495504315151106
5159093630644232
4535254491764098
3124571432234092
5117969554352765
1543716651396511
3349607644292463
6325724401256405
0457343316838061
3431208335951135
8248130567039466
4118611308400780
5632431991710254
8052212014011975
1532517053095705
2710906080404292
8967394971086128
6812008813378230
8982314218030676
4458115091299675
8189505166102237
6489630143182391
1727419034796990
0947700750498257
4853699401646362
5539535958859230
1649379226047541
1577803583311860
4936998732163718
8015291639549130
6846232795273802
1224159651661582
7119343188339446
5682118775292711
4616897509109784
8266987580388400
6961572592384744
9742405950840874
1851333172415598
5854848038464290
1438667372130702
1355210057508310
0641303252651886
7159410393832111
7601038403430706
0123141780287394
8746922592108166
5115795896589512
8144787724599391
3299102983704449
1657751395177813
9188987539982871
0283907747491126
1029162006087927
0256234943451699
6908390678539380
3275903608333934
2627653286111998
2949772379476444
9271194080417731
5085546569824924
0190702826704934
7239731331345223
3048076232218620
9652266281373947
9390767046623930
9511887333084662
4966264375297426
3654059023340026
4188467293130053
8820861301348794
6338435320815898
1777735044412947
5919583541796051
2536996420485579
8803470275721064
1762394647360727
9122657776975687
8732133137486398
1207197897234026
8483007728525261
5451696373026065
1862505342160072
0880964170579521
5943251787755275
9416660486666208
0767189872519815
8535461575501656
7030467425986799
9098154842256571
0297163857685623
5553633753254202
0634510713463937
9867825276398435
7747731188919060
9892134747118677
1301428134219137
1739984713271426
5449093284153944
6694931769965130
3876170893858173
5736743861460196
7854261352760673
7388330777837115
1661372950139188
4190034382177111
3475675810509473
1334995266961008
6408169127073219
1554709830877709
4995381973516420
1018625327698721
8728316537661948
4202202344133909
0094291876630395
4760936749607367
0570440414602768
6403878274743320
5440109757715126
1543310248113767
6461135545931713
8828401600658068
3094083326852720
5812207127672055
6465579493315038
8567073687831416
5185937737395138
5945403054867664
3162309305140214
9606036924220034
5583613569885419
2352799490140573
8128703060450891
9776286470259455
6412830824215570
2639240879005854
8076195426333760
1995050914277353
8092851472158617
4649848025662268
1241731234918695
8666818555108630
7395618705203424
0274287800122368
6909613550231790
0885783090847269
9253483204716831
6170398200464273
7834637895518358
9150022028121625
3658730666598758
0657863211940310
1876753894872629
2150598581454193
6322699888360705
4796379332264526
2172306270877275
1984844546751954
3732019186437527
5132107566128117
2907071144696464
6497753575198651
9179299333929634
0534083692406659
4463420638440000
9229559830232229
0149032586642785
8135294150581811
5026657310209086
5177539402595044
2104076965130020
2125499457396125
2178528717171867
3520074004654071
6436834586482218
9163852074361645
4108035523879429
0237744521147975
5588912862885467
0631024500290154
4019278907132957
2575235367072817
1398520393904093
4304910380004783
7784884259391096
2466966769682634
2645706382337864
9123971875818751
6501805356028014
7971444104046805
2327780728923246
7012716242865478
6295509103316196
4030320479525637
4955543481325525
5002773826592464
9786126365281031
5331213541445533
9368778418461266
3203814025620480
4728436628955298
3006216189301172
9632635684950011
6311622337065665
8743307347624567
9096357194560170
8587653051393203
9425557858288961
4510294409730518
6996302172221383
6290937891513780
5449457142360149
1910139358560159
8900258883030806
4436333827154090
0742097674958811
2087960920861866
2718441001070924
8198488107837574
6021855054577870
2861796391858432
4707516687466502
4336496853369553
7701403722616145
6589033590474009
5346411432137860
8639018168360593
9041206532381475
3383925048176702
7582547543809687
0686264893692597
7676996555130452
7724579037305737
2268600990455994
8112663548177797
9081559582333788
6559382172379065
5157646083732098
7010411612788167
1147101954706493
8913885892291849
